g  b  b  w  
g  b  b  w  
r  o  r  r  
g  b  b  y  
-  -  -  -
y  w  o  b | r  g  r  r | b  y  r  y | r  r  y  o | 
y  y  w  w | o  o  y  y | o  g  g  r | b  y  g  o | 
o  o  r  w | g  w  b  y | g  y  w  w | r  o  w  w | 
o  y  y  y | b  r  g  r | g  w  o  w | g  g  o  w | 
-  -  -  -
b  b  g  o  
g  b  g  y  
w  r  r  o  
o  b  b  w  

CXPB = 0.8  MUTPB = 0.01  GEN = 90
gen	nevals	avg    	std    	min	max
0  	80    	43.5625	6.00592	26 	57 
1  	64    	47.7875	5.53781	31 	61 
2  	66    	48.8125	5.37376	38 	61 
3  	64    	49.9375	6.57523	34 	66 
4  	66    	50.6125	7.60344	37 	64 
5  	62    	52.775 	7.08868	37 	64 
6  	63    	54.2625	7.13047	40 	64 
7  	62    	55.475 	7.53654	38 	66 
8  	66    	52.425 	8.78461	33 	66 
9  	60    	55.775 	7.8022 	39 	66 
10 	62    	55.0625	8.24218	33 	66 
11 	57    	54.7625	8.29494	38 	66 
12 	66    	57.2875	7.3471 	38 	66 
13 	64    	55.4875	8.30661	38 	66 
14 	70    	53.2   	7.31847	40 	66 
15 	58    	55.0125	7.22408	39 	66 
16 	56    	55.8375	7.81096	40 	66 
17 	64    	54.775 	7.67622	39 	66 
18 	61    	54.0625	8.388  	39 	66 
19 	66    	55.075 	7.87683	43 	66 
20 	70    	53.3625	7.63748	40 	66 
21 	62    	55.3375	7.90877	40 	66 
22 	62    	55.9375	7.78033	38 	66 
23 	64    	56.0125	8.35388	38 	66 
24 	68    	55.3875	7.92069	38 	66 
25 	71    	55.0625	7.45712	40 	66 
26 	66    	54.5625	7.56942	40 	66 
27 	59    	54.975 	7.79579	38 	66 
28 	64    	54.125 	8.29363	38 	66 
29 	68    	54.5375	7.6566 	40 	66 
30 	66    	55.5125	8.13172	38 	66 
31 	70    	53.5125	6.96598	42 	66 
32 	59    	54.2125	7.3258 	39 	66 
33 	72    	54.0875	7.10668	36 	66 
34 	66    	53.575 	7.46454	38 	66 
35 	68    	53.225 	7.03202	40 	66 
36 	74    	54.9375	7.38807	39 	66 
37 	60    	55.975 	7.89933	38 	66 
38 	64    	55.525 	8.00309	38 	66 
39 	68    	54.6   	7.70487	43 	66 
40 	68    	54.1625	7.73538	43 	66 
41 	62    	54.7625	8.22381	38 	66 
42 	68    	54.75  	7.97731	40 	66 
43 	70    	52.4625	7.85166	38 	66 
44 	66    	54.4   	7.96963	38 	66 
45 	61    	56.6875	7.87654	39 	66 
46 	72    	54.6375	8.04401	39 	66 
47 	64    	53.25  	8.54766	40 	66 
48 	68    	54.9   	8.04146	39 	66 
49 	73    	54.7   	7.37123	36 	66 
50 	66    	52.8875	7.70226	40 	66 
51 	60    	55.5   	7.72172	40 	66 
52 	68    	53.125 	7.86348	38 	66 
53 	64    	54.425 	8.18195	38 	66 
54 	66    	53.525 	8.05601	39 	66 
55 	60    	55.0625	8.30714	38 	66 
56 	64    	55.125 	8.01619	38 	66 
57 	56    	56.1125	8.91487	38 	66 
58 	54    	55.825 	8.63825	39 	66 
59 	74    	53.4375	7.66786	38 	66 
60 	62    	54.125 	7.91577	38 	66 
61 	61    	57.3125	7.83198	31 	66 
62 	64    	55.425 	7.59074	39 	66 
63 	62    	56.25  	8.06458	40 	66 
64 	56    	57.2   	7.95833	43 	66 
65 	68    	54.125 	7.56038	39 	66 
66 	68    	54.9875	7.84776	38 	66 
67 	68    	54.25  	7.81905	40 	66 
68 	60    	54.3   	7.774  	43 	66 
69 	70    	54.5125	7.58122	43 	66 
70 	68    	56.4875	7.13616	42 	66 
71 	56    	56.6625	7.63863	44 	66 
72 	60    	55.225 	7.99371	38 	66 
73 	66    	56.1625	7.82056	38 	66 
74 	68    	55.05  	8.54971	38 	66 
75 	62    	55.5   	8.281  	40 	66 
76 	64    	54.9125	8.17801	40 	66 
77 	65    	53.6875	8.3839 	36 	66 
78 	66    	53.8625	8.48785	40 	66 
79 	62    	56.25  	8.00547	43 	66 
80 	62    	56.1625	7.75797	38 	66 
81 	68    	54.7875	7.75998	39 	66 
82 	72    	53.1875	7.85349	39 	66 
83 	70    	52.8125	8.21446	38 	66 
84 	62    	54.775 	8.13169	28 	66 
85 	61    	55.975 	7.88507	39 	66 
86 	72    	53.75  	7.69172	40 	66 
87 	68    	56.925 	7.33446	38 	66 
88 	67    	54.3   	7.76595	43 	66 
89 	72    	55.075 	7.33276	39 	66 
90 	68    	54.4125	7.61527	40 	66 

prog2(move_Ll2, move_D2)
(66.0,)
b  b  b  w  
g  b  b  w  
w  r  r  r  
o  b  b  y  
-  -  -  -
w  o  o  b | r  g  r  r | b  y  y  o | w  o  g  g | 
w  w  w  w | o  o  y  y | o  g  o  o | w  w  o  r | 
r  g  r  w | g  w  b  y | g  y  y  y | o  g  y  b | 
g  w  w  y | o  y  r  r | y  r  y  y | b  r  g  r | 
-  -  -  -
w  b  b  g  
o  r  o  r  
y  g  b  g  
o  g  b  g  

