g  b  b  w  
g  b  b  w  
r  o  r  r  
g  b  b  y  
-  -  -  -
y  w  o  b | r  g  r  r | b  y  r  y | r  r  y  o | 
y  y  w  w | o  o  y  y | o  g  g  r | b  y  g  o | 
o  o  r  w | g  w  b  y | g  y  w  w | r  o  w  w | 
o  y  y  y | b  r  g  r | g  w  o  w | g  g  o  w | 
-  -  -  -
b  b  g  o  
g  b  g  y  
w  r  r  o  
o  b  b  w  

CXPB = 0.8  MUTPB = 0.01  GEN = 100
gen	nevals	avg 	std    	min	max
0  	80    	44.9	5.68463	33 	59 
1  	56    	49.0875	6.12616	33 	61 
2  	58    	50.6375	7.42335	34 	63 
3  	68    	48.8875	7.84537	34 	63 
4  	62    	52.4875	8.14554	34 	66 
5  	64    	52.65  	8.34581	33 	66 
6  	61    	55.0375	7.60007	39 	66 
7  	56    	54.5875	9.05358	38 	66 
8  	61    	54.0125	9.02703	37 	66 
9  	54    	55.425 	9.2206 	38 	66 
10 	62    	55.1125	9.15832	38 	66 
11 	70    	53.425 	8.42582	38 	66 
12 	65    	55.225 	8.42018	38 	66 
13 	70    	54.35  	8.59084	38 	66 
14 	66    	54.5625	8.9622 	39 	66 
15 	70    	52.4125	8.09119	38 	66 
16 	70    	53.05  	7.80849	38 	66 
17 	68    	52.3875	8.34789	38 	66 
18 	66    	53.55  	8.10848	39 	66 
19 	70    	52.2   	9.21602	37 	66 
20 	68    	52.5875	8.93545	37 	66 
21 	56    	55.05  	9.12812	38 	66 
22 	61    	54.975 	8.86845	36 	66 
23 	66    	52.0125	8.7099 	31 	66 
24 	65    	53.7375	8.63531	40 	66 
25 	68    	53.8875	8.4454 	37 	66 
26 	72    	51.675 	8.32282	40 	66 
27 	64    	53.1625	8.44607	38 	66 
28 	62    	54.6875	8.17556	38 	66 
29 	72    	51.3125	8.28492	38 	66 
30 	54    	54.8875	8.7607 	37 	66 
31 	58    	55.825 	8.45839	38 	66 
32 	68    	52.1875	8.89817	38 	66 
33 	64    	55.3125	8.37943	38 	66 
34 	56    	57     	8.83883	38 	66 
35 	66    	53.4875	9.02911	38 	66 
36 	61    	53.7125	8.96687	38 	66 
37 	70    	52.2875	7.87114	38 	66 
38 	66    	52.8125	8.22206	38 	66 
39 	60    	54.0125	8.47274	38 	66 
40 	68    	51.85  	8.97371	38 	66 
41 	66    	52.2625	8.43911	38 	66 
42 	66    	54.5875	7.88304	38 	66 
43 	64    	54.2625	8.17885	38 	66 
44 	66    	53.0875	7.95486	38 	66 
45 	68    	51.8875	8.57612	38 	66 
46 	66    	51.1125	8.93587	38 	66 
47 	64    	54.1   	7.80481	38 	66 
48 	74    	51.475 	8.24162	38 	66 
49 	64    	53.3125	8.79146	38 	66 
50 	62    	54.9375	8.98797	38 	66 
51 	62    	53.15  	9.2129 	38 	66 
52 	72    	52.7125	8.65042	38 	66 
53 	59    	54.5125	8.67323	38 	66 
54 	72    	52.3625	8.51799	38 	66 
55 	68    	52.025 	9.24659	38 	66 
56 	66    	53.6875	8.77866	40 	66 
57 	62    	56.1   	7.83837	39 	66 
58 	62    	54     	9.38216	38 	66 
59 	64    	54.0875	9.06807	38 	66 
60 	66    	55.7875	8.00421	39 	66 
61 	55    	54.1875	9.4566 	40 	66 
62 	64    	54.9125	9.30483	38 	66 
63 	63    	54.8375	8.64645	36 	66 
64 	67    	53.4625	8.35156	40 	66 
65 	60    	56.7125	8.00655	41 	66 
66 	60    	53.4125	9.518  	38 	66 
67 	68    	55.6125	7.91753	38 	66 
68 	58    	54.2375	9.01283	38 	66 
69 	55    	55.2   	9.80485	38 	66 
70 	70    	52.0875	8.9961 	38 	66 
71 	62    	53.5125	8.98887	40 	66 
72 	60    	53.6375	9.31832	40 	66 
73 	58    	55.2125	9.15382	38 	66 
74 	62    	55.8375	8.71126	40 	66 
75 	70    	51.225 	8.76067	38 	66 
76 	66    	52.2375	8.46795	38 	66 
77 	65    	54.45  	8.44674	38 	66 
78 	58    	54.45  	8.95391	38 	66 
79 	62    	56.2875	8.08578	36 	66 
80 	67    	56.9   	8.28342	39 	66 
81 	64    	54.7375	8.74034	38 	66 
82 	54    	54.7375	9.30691	38 	66 
83 	70    	53     	8.19756	38 	66 
84 	68    	54.9   	8.45665	38 	66 
85 	78    	50.775 	7.29722	39 	66 
86 	70    	52.7875	7.35815	38 	66 
87 	58    	54.1625	8.97837	38 	66 
88 	56    	54.3   	9.67006	38 	66 
89 	68    	52.9625	8.87897	38 	66 
90 	60    	54.6125	9.16173	38 	66 
91 	54    	55.6375	9.25911	36 	66 
92 	56    	55.6125	9.35881	38 	66 
93 	68    	53.4125	9.04391	38 	66 
94 	63    	53.825 	8.86817	38 	66 
95 	70    	54.3625	8.34003	38 	66 
96 	60    	54.125 	9.21598	40 	66 
97 	65    	53.6625	9.19503	32 	66 
98 	70    	51.9625	8.63053	38 	66 
99 	70    	52.7875	8.18183	39 	66 
100	62    	53.4625	9.08287	38 	66 

prog2(move_R, move_Ll2)
(66.0,)
b  b  b  b  
g  b  b  w  
w  r  r  w  
o  b  b  y  
-  -  -  -
w  o  o  o | b  g  o  r | y  y  y  o | w  o  g  g | 
w  w  w  y | r  w  o  g | r  g  o  o | w  w  o  r | 
r  g  r  o | g  b  y  r | w  y  y  y | o  g  y  b | 
y  r  y  w | r  y  y  r | w  w  w  y | o  y  r  r | 
-  -  -  -
g  b  g  g  
g  b  g  g  
r  o  r  o  
g  b  b  b  

