g  b  b  w  
g  b  b  w  
r  o  r  r  
g  b  b  y  
-  -  -  -
y  w  o  b | r  g  r  r | b  y  r  y | r  r  y  o | 
y  y  w  w | o  o  y  y | o  g  g  r | b  y  g  o | 
o  o  r  w | g  w  b  y | g  y  w  w | r  o  w  w | 
o  y  y  y | b  r  g  r | g  w  o  w | g  g  o  w | 
-  -  -  -
b  b  g  o  
g  b  g  y  
w  r  r  o  
o  b  b  w  

CXPB = 0.8  MUTPB = 0.01  GEN = 100
gen	nevals	avg   	std    	min	max
0  	80    	44.225	5.93922	32 	59 
1  	70    	47.85 	5.42471	38 	60 
2  	65    	50.5875	5.61848	34 	63 
3  	58    	51.575 	7.30715	35 	66 
4  	66    	52.2625	6.72262	35 	66 
5  	66    	51.775 	6.51532	40 	66 
6  	74    	54.4   	6.66633	41 	67 
7  	60    	55.6625	7.91509	39 	67 
8  	58    	55.7875	8.58734	38 	67 
9  	68    	55.2625	7.41745	39 	67 
10 	62    	56.6875	7.16867	43 	68 
11 	68    	55.025 	7.54317	41 	68 
12 	62    	56.25  	7.91281	38 	68 
13 	66    	56.875 	6.95229	42 	68 
14 	68    	55.5875	7.59884	40 	68 
15 	61    	57.3   	8.06288	40 	68 
16 	63    	57.4125	7.52279	40 	68 
17 	66    	56.65  	7.59786	41 	68 
18 	62    	56.2875	7.15401	43 	68 
19 	58    	58.6625	7.45645	40 	68 
20 	68    	57.5125	7.41282	45 	68 
21 	60    	57.4375	7.3635 	44 	68 
22 	67    	58.45  	7.51316	43 	68 
23 	69    	57.35  	7.15909	40 	68 
24 	66    	56.325 	6.8898 	42 	68 
25 	60    	58.4875	7.04804	38 	68 
26 	63    	56.575 	7.82428	40 	68 
27 	56    	57.875 	8.09224	40 	68 
28 	64    	57.3875	7.27237	42 	68 
29 	69    	56.9875	6.85838	38 	68 
30 	55    	59.075 	7.91956	37 	72 
31 	62    	58.4125	7.26927	45 	68 
32 	61    	57.35  	7.51515	40 	68 
33 	71    	57.025 	6.62   	44 	68 
34 	70    	55.4875	7.50332	41 	68 
35 	58    	57.2125	8.25635	38 	68 
36 	74    	54.975 	6.97133	38 	68 
37 	56    	56.85  	7.63397	38 	69 
38 	58    	57.8625	8.32278	40 	69 
39 	64    	58.6   	7.9712 	42 	71 
40 	64    	58.7375	8.40349	45 	71 
41 	63    	58.4875	9.01664	41 	72 
42 	64    	58.2875	8.99888	41 	72 
43 	66    	58.475 	8.96239	42 	72 
44 	68    	57.825 	9.14983	38 	72 
45 	67    	58.3125	8.45369	41 	72 
46 	62    	60.3875	8.55496	43 	72 
47 	60    	61.2   	8.39256	44 	72 
48 	60    	60.825 	9.48522	40 	72 
49 	62    	59.8125	9.13249	38 	72 
50 	64    	59.1875	8.79928	42 	72 
51 	62    	59.4375	10.2784	34 	72 
52 	66    	59.2125	9.01068	41 	72 
53 	62    	60.025 	9.07879	38 	72 
54 	70    	58.0125	9.42005	38 	72 
55 	62    	59.2375	8.90118	40 	72 
56 	62    	59.05  	9.85761	38 	72 
57 	64    	60.6125	9.4677 	43 	72 
58 	71    	57.1875	9.1229 	41 	72 
59 	63    	58.25  	10.0106	37 	72 
60 	65    	60.0875	8.75813	40 	72 
61 	56    	60.975 	9.93476	40 	72 
62 	60    	60.375 	9.13971	40 	72 
63 	66    	60.7125	8.64464	41 	72 
64 	56    	61.075 	9.12794	38 	72 
65 	54    	61.0375	9.43457	40 	72 
66 	62    	60.75  	9.31732	40 	72 
67 	62    	59.5   	8.97914	40 	72 
68 	66    	58.2375	9.70212	38 	72 
69 	62    	62.5375	7.42958	44 	72 
70 	68    	60.25  	8.04907	38 	72 
71 	56    	60.5375	9.12544	38 	72 
72 	68    	60.725 	8.32312	41 	72 
73 	70    	58.8875	9.13782	42 	72 
74 	62    	59.2   	8.956  	40 	72 
75 	66    	59.875 	9.23225	40 	72 
76 	62    	60.6875	9.40823	42 	72 
77 	64    	60.4375	8.54231	40 	72 
78 	72    	57.275 	8.51172	40 	72 
79 	64    	59.1625	8.09852	43 	72 
80 	71    	58.375 	8.52405	40 	72 
81 	65    	59.725 	7.85649	44 	72 
82 	60    	59.725 	9.59293	38 	72 
83 	61    	60.7125	8.54429	40 	72 
84 	58    	58.35  	10.1256	40 	72 
85 	70    	57.725 	8.72779	40 	72 
86 	63    	60.2875	8.88425	39 	72 
87 	59    	60.375 	9.42122	35 	72 
88 	64    	60.7125	8.17648	40 	72 
89 	60    	59.3   	9.43054	39 	72 
90 	65    	59.5375	8.83451	40 	72 
91 	70    	59.225 	8.71489	41 	72 
92 	68    	58.6125	9.19714	40 	72 
93 	60    	61.5625	9.78499	38 	72 
94 	60    	61.5375	9.01657	39 	72 
95 	56    	63.525 	7.53322	43 	72 
96 	63    	59.375 	9.3185 	40 	72 
97 	67    	58.8375	9.11379	45 	72 
98 	64    	59.45  	8.98874	39 	72 
99 	68    	58.2   	8.97831	38 	72 
100	64    	60.525 	8.0808 	40 	72 

prog2(loop2(prog2(move_R, move_Ll2)), prog2(prog2(move_R, move_Ll2), move_ua))
(72.0,)
b  b  b  g  
g  b  b  g  
w  r  r  o  
o  b  b  b  
-  -  -  -
w  o  o  w | r  y  y  r | w  y  y  o | w  o  g  g | 
w  w  o  r | w  w  w  w | r  y  b  g | o  g  o  o | 
r  g  r  r | g  o  w  r | y  y  y  y | o  g  y  b | 
y  r  y  y | r  o  g  b | o  w  w  y | o  y  r  r | 
-  -  -  -
g  b  g  b  
g  b  g  w  
r  o  r  w  
g  b  b  y  

