g  b  b  w  
g  b  b  w  
r  o  r  r  
g  b  b  y  
-  -  -  -
y  w  o  b | r  g  r  r | b  y  r  y | r  r  y  o | 
y  y  w  w | o  o  y  y | o  g  g  r | b  y  g  o | 
o  o  r  w | g  w  b  y | g  y  w  w | r  o  w  w | 
o  y  y  y | b  r  g  r | g  w  o  w | g  g  o  w | 
-  -  -  -
b  b  g  o  
g  b  g  y  
w  r  r  o  
o  b  b  w  

CXPB = 0.8  MUTPB = 0.01  GEN = 90
gen	nevals	avg    	std   	min	max
0  	80    	43.8875	4.4497	32 	56 
1  	66    	46.4125	5.22181	33 	58 
2  	69    	48.8   	6.03821	33 	60 
3  	62    	49.8   	6.84726	36 	60 
4  	60    	51.8375	6.50278	37 	60 
5  	68    	51.175 	6.98172	33 	60 
6  	64    	49.875 	7.22906	36 	60 
7  	70    	50.75  	7.39172	34 	66 
8  	60    	52.1625	8.16462	34 	68 
9  	66    	54.1875	6.36022	38 	66 
10 	64    	54.1125	7.23532	37 	66 
11 	64    	51     	8.23863	33 	66 
12 	68    	53.8375	7.16841	40 	66 
13 	66    	52.775 	7.47659	35 	66 
14 	68    	53.025 	7.05155	38 	66 
15 	60    	54.125 	6.66591	39 	66 
16 	72    	51.525 	6.66141	38 	66 
17 	58    	54.4125	6.48208	38 	66 
18 	60    	55.35  	6.64473	40 	66 
19 	66    	53.25  	7.51914	38 	66 
20 	66    	53.025 	7.799  	40 	66 
21 	72    	53.525 	6.50572	38 	66 
22 	64    	53.55  	6.88458	42 	66 
23 	64    	53.825 	7.88951	39 	66 
24 	72    	53.2   	7.13512	38 	66 
25 	65    	53.8375	6.80339	41 	66 
26 	68    	52.9875	7.05601	38 	66 
27 	70    	53.375 	6.44472	38 	66 
28 	63    	53.675 	7.10242	36 	66 
29 	68    	53.2375	6.80669	40 	66 
30 	60    	54.5   	7.30924	43 	66 
31 	64    	53.1   	7.41384	39 	66 
32 	62    	53.825 	7.75689	40 	66 
33 	68    	52.8125	6.99481	39 	66 
34 	62    	54.1875	6.79171	44 	66 
35 	67    	54.5375	6.51142	44 	66 
36 	62    	55.6625	7.03908	39 	66 
37 	64    	53.5875	7.58896	38 	66 
38 	68    	55.1875	7.05176	39 	66 
39 	62    	55.0625	7.18391	41 	66 
40 	65    	53.525 	7.69574	39 	66 
41 	64    	53.075 	8.15594	39 	66 
42 	72    	53.3625	7.02005	41 	66 
43 	60    	54.7625	7.34548	42 	66 
44 	66    	55.2375	7.16108	38 	66 
45 	64    	54.7875	6.7707 	43 	66 
46 	66    	53.6125	7.34761	38 	66 
47 	70    	54.1   	6.62684	40 	66 
48 	70    	52.725 	5.90968	43 	66 
49 	70    	53.775 	6.4961 	40 	66 
50 	68    	54.025 	6.76568	41 	66 
51 	72    	51.925 	6.80583	39 	66 
52 	72    	54.425 	6.43385	40 	66 
53 	52    	56     	7.20937	39 	66 
54 	70    	53.95  	7.30907	40 	66 
55 	62    	54.9875	6.91645	38 	66 
56 	66    	52.6875	7.38849	39 	66 
57 	67    	52.55  	6.69496	43 	66 
58 	68    	52.525 	5.98743	42 	66 
59 	66    	53.5125	6.40311	38 	66 
60 	66    	52.65  	7.99078	34 	66 
61 	68    	52.4   	7.82879	35 	66 
62 	61    	55.1   	7.496  	34 	66 
63 	66    	52.9   	7.70811	40 	66 
64 	70    	51.6625	8.19595	33 	66 
65 	62    	54.125 	7.74819	37 	66 
66 	62    	52.2625	8.80304	34 	67 
67 	68    	53.125 	7.61967	36 	67 
68 	64    	53.7   	6.97388	40 	67 
69 	55    	54.0625	8.38651	36 	67 
70 	63    	55.25  	7.34592	38 	67 
71 	68    	52.9375	7.66378	38 	66 
72 	66    	54.0375	7.48406	35 	66 
73 	56    	55.5875	7.80496	33 	66 
74 	64    	54.8625	7.07945	41 	66 
75 	66    	53.125 	8.36716	36 	66 
76 	65    	52.9   	8.07094	36 	66 
77 	68    	53.875 	7.63278	42 	66 
78 	68    	53.2375	6.81954	42 	66 
79 	64    	54.3125	7.20346	40 	66 
80 	64    	53.25  	7.54735	38 	66 
81 	64    	54.15  	7.08537	38 	66 
82 	62    	53.125 	7.90945	39 	66 
83 	60    	55.9625	7.30316	43 	66 
84 	56    	55.5625	7.90387	34 	66 
85 	47    	57.375 	8.29966	40 	66 
86 	72    	54.975 	7.22837	40 	66 
87 	64    	53.375 	7.55211	38 	66 
88 	69    	53.4125	6.53011	40 	66 
89 	62    	55.1   	6.47032	43 	66 
90 	61    	54.25  	7.36801	43 	66 

loop2(prog2(move_b, prog2(move_Rr2, move_Lla)))
(68.0,)
b  b  b  w  
g  b  b  g  
r  y  b  b  
o  b  b  y  
-  -  -  -
w  o  o  b | r  r  o  r | b  y  y  o | w  o  g  g | 
w  w  w  w | o  g  r  y | o  g  o  o | w  w  b  r | 
o  g  r  w | g  r  r  y | g  y  w  r | y  g  y  y | 
y  r  y  y | b  r  w  r | g  w  w  y | o  y  w  r | 
-  -  -  -
g  b  g  o  
r  y  o  g  
r  o  o  g  
g  b  b  w  

