g  b  b  w  
g  b  b  w  
r  o  r  r  
g  b  b  y  
-  -  -  -
y  w  o  b | r  g  r  r | b  y  r  y | r  r  y  o | 
y  y  w  w | o  o  y  y | o  g  g  r | b  y  g  o | 
o  o  r  w | g  w  b  y | g  y  w  w | r  o  w  w | 
o  y  y  y | b  r  g  r | g  w  o  w | g  g  o  w | 
-  -  -  -
b  b  g  o  
g  b  g  y  
w  r  r  o  
o  b  b  w  

CXPB = 0.8  MUTPB = 0.01  GEN = 90
gen	nevals	avg    	std    	min	max
0  	80    	23.2125	3.97396	13 	33 
1  	66    	26.3   	4.08473	16 	35 
2  	66    	26.3375	4.40438	16 	35 
3  	60    	27.55  	5.15243	16 	35 
4  	64    	30.6375	4.23156	20 	35 
5  	57    	31.775 	3.40945	19 	35 
6  	64    	31.9875	3.17212	21 	35 
7  	69    	32.125 	2.8652 	21 	33 
8  	64    	32.425 	2.61139	19 	33 
9  	66    	33     	0      	33 	33 
10 	68    	32.9   	0.888819	25 	33 
11 	66    	33     	0       	33 	33 
12 	64    	33     	0       	33 	33 
13 	65    	32.85  	1.33323 	21 	33 
14 	66    	32.7375	1.64122 	22 	33 
15 	54    	33     	0       	33 	33 
16 	70    	32.7   	1.8735  	21 	33 
17 	64    	33     	0       	33 	33 
18 	69    	32.8   	1.249   	25 	33 
19 	60    	33     	0       	33 	33 
20 	71    	32.575 	2.25153 	17 	33 
21 	64    	32.9   	0.888819	25 	33 
22 	63    	32.85  	1.33323 	21 	33 
23 	58    	33     	0       	33 	33 
24 	65    	32.925 	0.666615	27 	33 
25 	62    	32.9   	0.888819	25 	33 
26 	66    	32.8   	1.77764 	17 	33 
27 	56    	33     	0       	33 	33 
28 	70    	33     	0       	33 	33 
29 	62    	33     	0       	33 	33 
30 	58    	32.9   	0.888819	25 	33 
31 	64    	32.8625	1.22213 	22 	33 
32 	64    	32.85  	1.33323 	21 	33 
33 	64    	33     	0       	33 	33 
34 	64    	33     	0       	33 	33 
35 	60    	32.9   	0.888819	25 	33 
36 	68    	33     	0       	33 	33 
37 	70    	33     	0       	33 	33 
38 	72    	32.65  	2.45    	12 	33 
39 	66    	33     	0       	33 	33 
40 	69    	32.8625	1.22213 	22 	33 
41 	62    	32.85  	1.33323 	21 	33 
42 	62    	33     	0       	33 	33 
43 	72    	32.9   	0.888819	25 	33 
44 	58    	32.9125	0.777717	26 	33 
45 	56    	32.8625	1.22213 	22 	33 
46 	58    	33     	0       	33 	33 
47 	66    	32.8   	1.249   	25 	33 
48 	56    	32.725 	1.72464 	21 	33 
49 	68    	33     	0       	33 	33 
50 	69    	32.775 	1.41399 	23 	33 
51 	62    	33     	0       	33 	33 
52 	58    	33     	0       	33 	33 
53 	74    	33     	0       	33 	33 
54 	68    	33     	0       	33 	33 
55 	69    	32.8875	0.999922	24 	33 
56 	64    	32.925 	0.666615	27 	33 
57 	70    	32.9   	0.888819	25 	33 
58 	64    	33     	0       	33 	33 
59 	66    	33     	0       	33 	33 
60 	70    	33     	0       	33 	33 
61 	50    	32.625 	2.34187 	18 	33 
62 	60    	33     	0       	33 	33 
63 	60    	32.7875	1.88874 	16 	33 
64 	68    	32.85  	1.33323 	21 	33 
65 	66    	33     	0       	33 	33 
66 	62    	32.5375	2.41839 	18 	33 
67 	70    	32.9125	0.777717	26 	33 
68 	62    	33     	0       	33 	33 
69 	62    	32.75  	1.59295 	21 	33 
70 	62    	33     	0       	33 	33 
71 	67    	32.95  	0.44441 	29 	33 
72 	54    	32.8375	1.44433 	20 	33 
73 	70    	33     	0       	33 	33 
74 	68    	32.75  	1.59295 	21 	33 
75 	64    	33     	0       	33 	33 
76 	66    	33     	0       	33 	33 
77 	51    	32.825 	1.10425 	25 	33 
78 	62    	32.825 	1.55543 	19 	33 
79 	64    	33     	0       	33 	33 
80 	66    	32.925 	0.666615	27 	33 
81 	66    	33     	0       	33 	33 
82 	68    	32.85  	1.33323 	21 	33 
83 	72    	33     	0       	33 	33 
84 	62    	32.9   	0.888819	25 	33 
85 	62    	32.9   	0.888819	25 	33 
86 	56    	33     	0       	33 	33 
87 	68    	32.9   	0.888819	25 	33 
88 	68    	32.7375	2.33315 	12 	33 
89 	64    	33     	0       	33 	33 
90 	60    	32.775 	1.41399 	23 	33 

prog2(move_Ra, move_Ll2)
(35.0,)
b  b  b  g  
g  b  b  g  
w  r  r  o  
o  b  b  b  
-  -  -  -
w  o  o  w | r  y  y  r | w  y  y  o | w  o  g  g | 
w  w  w  w | r  y  b  g | o  g  o  o | w  w  o  r | 
r  g  r  r | g  o  w  r | y  y  y  y | o  g  y  b | 
y  r  y  y | r  o  g  b | o  w  w  y | o  y  r  r | 
-  -  -  -
g  b  g  b  
g  b  g  w  
r  o  r  w  
g  b  b  y  

