g  b  b  w  
g  b  b  w  
r  o  r  r  
g  b  b  y  
-  -  -  -
y  w  o  b | r  g  r  r | b  y  r  y | r  r  y  o | 
y  y  w  w | o  o  y  y | o  g  g  r | b  y  g  o | 
o  o  r  w | g  w  b  y | g  y  w  w | r  o  w  w | 
o  y  y  y | b  r  g  r | g  w  o  w | g  g  o  w | 
-  -  -  -
b  b  g  o  
g  b  g  y  
w  r  r  o  
o  b  b  w  

CXPB = 0.8  MUTPB = 0.01  GEN = 100
gen	nevals	avg   	std    	min	max
0  	80    	23.425	4.21537	13 	36 
1  	60    	26.325	3.73087	15 	36 
2  	66    	30.425	3.82353	16 	36 
3  	64    	32.3125	2.56707	19 	34 
4  	66    	32.4375	2.6308 	18 	34 
5  	65    	32.0875	2.53571	21 	34 
6  	70    	32.5   	1.77482	25 	33 
7  	74    	32.7   	1.9    	19 	33 
8  	66    	33     	0      	33 	33 
9  	68    	32.575 	2.27363	19 	33 
10 	68    	32.9   	0.888819	25 	33 
11 	54    	33     	0       	33 	33 
12 	68    	32.925 	0.666615	27 	33 
13 	61    	32.6625	1.71715 	23 	33 
14 	66    	32.85  	1.33323 	21 	33 
15 	70    	33     	0       	33 	33 
16 	64    	33     	0       	33 	33 
17 	58    	33     	0       	33 	33 
18 	60    	32.975 	0.222205	31 	33 
19 	60    	32.8   	1.249   	25 	33 
20 	70    	33     	0       	33 	33 
21 	70    	32.875 	1.11102 	23 	33 
22 	66    	32.9   	0.888819	25 	33 
23 	67    	32.925 	0.666615	27 	33 
24 	66    	33     	0       	33 	33 
25 	60    	32.825 	1.10425 	25 	33 
26 	65    	32.8375	1.44433 	20 	33 
27 	56    	32.775 	1.78868 	17 	33 
28 	58    	33     	0       	33 	33 
29 	64    	32.925 	0.666615	27 	33 
30 	66    	33     	0       	33 	33 
31 	72    	33     	0       	33 	33 
32 	56    	33     	0       	33 	33 
33 	64    	33     	0       	33 	33 
34 	64    	32.8375	1.44433 	20 	33 
35 	54    	32.9   	0.888819	25 	33 
36 	62    	33     	0       	33 	33 
37 	62    	33     	0       	33 	33 
38 	61    	32.9   	0.888819	25 	33 
39 	60    	32.9125	0.777717	26 	33 
40 	64    	33     	0       	33 	33 
41 	74    	33     	0       	33 	33 
42 	64    	33     	0       	33 	33 
43 	62    	32.95  	0.44441 	29 	33 
44 	64    	32.8375	1.44433 	20 	33 
45 	66    	32.85  	1.33323 	21 	33 
46 	66    	33     	0       	33 	33 
47 	64    	33     	0       	33 	33 
48 	68    	32.85  	1.33323 	21 	33 
49 	68    	32.9   	0.888819	25 	33 
50 	66    	33     	0       	33 	33 
51 	72    	32.55  	2.28528 	20 	33 
52 	66    	33     	0       	33 	33 
53 	62    	32.9   	0.888819	25 	33 
54 	62    	33     	0       	33 	33 
55 	62    	33     	0       	33 	33 
56 	74    	32.85  	1.33323 	21 	33 
57 	69    	32.475 	2.69247 	16 	33 
58 	56    	33     	0       	33 	33 
59 	57    	32.8125	1.66654 	18 	33 
60 	68    	32.825 	1.10425 	25 	33 
61 	66    	33     	0       	33 	33 
62 	64    	33     	0       	33 	33 
63 	62    	32.9   	0.888819	25 	33 
64 	68    	33     	0       	33 	33 
65 	68    	32.9   	0.888819	25 	33 
66 	64    	33     	0       	33 	33 
67 	72    	32.75  	1.59295 	21 	33 
68 	66    	33     	0       	33 	33 
69 	58    	33     	0       	33 	33 
70 	70    	33     	0       	33 	33 
71 	70    	32.825 	1.55543 	19 	33 
72 	74    	32.95  	0.44441 	29 	33 
73 	60    	32.9   	0.888819	25 	33 
74 	54    	32.9   	0.888819	25 	33 
75 	63    	32.875 	1.11102 	23 	33 
76 	66    	33     	0       	33 	33 
77 	66    	32.9   	0.888819	25 	33 
78 	63    	32.9   	0.888819	25 	33 
79 	66    	32.9   	0.888819	25 	33 
80 	56    	32.9   	0.888819	25 	33 
81 	66    	33     	0       	33 	33 
82 	66    	32.4   	2.68608 	18 	33 
83 	72    	32.875 	1.11102 	23 	33 
84 	60    	32.9   	0.888819	25 	33 
85 	61    	32.9   	0.888819	25 	33 
86 	70    	33     	0       	33 	33 
87 	68    	32.85  	1.33323 	21 	33 
88 	66    	33     	0       	33 	33 
89 	62    	33     	0       	33 	33 
90 	66    	33     	0       	33 	33 
91 	62    	32.7375	1.65638 	21 	33 
92 	70    	32.925 	0.666615	27 	33 
93 	70    	32.4875	2.32376 	19 	33 
94 	68    	33     	0       	33 	33 
95 	58    	33     	0       	33 	33 
96 	64    	32.8375	1.44433 	20 	33 
97 	56    	32.825 	1.55543 	19 	33 
98 	68    	33     	0       	33 	33 
99 	66    	32.8125	1.1736  	25 	33 
100	68    	33     	0       	33 	33 

prog2(loop2(move_d2), prog2(move_R, move_Ll2))
(36.0,)
b  b  b  b  
g  b  b  w  
w  r  r  w  
o  b  b  y  
-  -  -  -
w  o  o  o | b  g  o  r | y  y  y  o | w  o  g  g | 
w  w  w  y | r  w  o  g | r  g  o  o | w  w  o  r | 
r  g  r  o | g  b  y  r | w  y  y  y | o  g  y  b | 
y  r  y  w | r  y  y  r | w  w  w  y | o  y  r  r | 
-  -  -  -
g  b  g  g  
g  b  g  g  
r  o  r  o  
g  b  b  b  

