g  b  b  w  
g  b  b  w  
r  o  r  r  
g  b  b  y  
-  -  -  -
y  w  o  b | r  g  r  r | b  y  r  y | r  r  y  o | 
y  y  w  w | o  o  y  y | o  g  g  r | b  y  g  o | 
o  o  r  w | g  w  b  y | g  y  w  w | r  o  w  w | 
o  y  y  y | b  r  g  r | g  w  o  w | g  g  o  w | 
-  -  -  -
b  b  g  o  
g  b  g  y  
w  r  r  o  
o  b  b  w  

CXPB = 0.8  MUTPB = 0.01  GEN = 90
gen	nevals	avg    	std    	min	max
0  	80    	22.7625	3.64089	11 	33 
1  	66    	25.7875	2.71889	20 	33 
2  	66    	28.6375	4.01635	19 	35 
3  	56    	31.6875	3.59024	19 	35 
4  	64    	30.6375	4.60772	21 	35 
5  	68    	29.525 	5.47489	19 	35 
6  	64    	29.1625	5.69966	21 	35 
7  	62    	29.925 	5.62533	21 	35 
8  	69    	29.275 	5.7358 	21 	35 
9  	62    	29.95  	5.58771	21 	35 
10 	64    	30.175 	5.61644	18 	35 
11 	64    	29.6875	5.61826	21 	35 
12 	60    	28.85  	5.67472	21 	35 
13 	60    	28.125 	5.65105	19 	35 
14 	66    	29.025 	5.50903	19 	35 
15 	60    	29.9625	5.47139	21 	35 
16 	60    	29.65  	5.68573	21 	35 
17 	70    	28.6375	5.67063	21 	35 
18 	66    	28.8125	5.5093 	21 	35 
19 	66    	30.4625	5.52255	21 	35 
20 	62    	28.3625	5.46636	21 	35 
21 	62    	29.375 	5.46895	21 	35 
22 	74    	28.625 	5.62667	21 	35 
23 	64    	29.4625	5.68319	21 	35 
24 	63    	30.1125	5.58344	21 	35 
25 	70    	28.0125	5.56663	18 	35 
26 	68    	29.2875	5.50271	18 	35 
27 	68    	29.825 	5.65857	21 	35 
28 	55    	31.4625	5.19602	21 	35 
29 	72    	28.0625	5.67085	20 	35 
30 	62    	29.1875	5.61492	18 	35 
31 	64    	29.9625	5.58221	21 	35 
32 	66    	29.3125	5.63825	21 	35 
33 	58    	29.6625	5.68099	21 	35 
34 	64    	28.975 	5.5181 	21 	35 
35 	62    	29.875 	5.67973	21 	35 
36 	64    	29.95  	5.64114	21 	35 
37 	65    	30.3625	5.64191	18 	35 
38 	70    	28.7875	5.6296 	21 	35 
39 	66    	29.1625	5.66225	21 	35 
40 	72    	28.525 	5.4954 	21 	35 
41 	64    	29.5875	5.78726	16 	35 
42 	60    	30.225 	5.53845	21 	35 
43 	68    	28.375 	5.53257	21 	35 
44 	75    	28.0875	5.66611	13 	35 
45 	64    	28.2875	5.66832	21 	35 
46 	56    	29.7375	5.65187	21 	35 
47 	68    	28.5875	5.57381	21 	35 
48 	65    	28.725 	5.69424	18 	35 
49 	58    	30.1625	5.62682	19 	35 
50 	68    	29.4375	5.55167	21 	35 
51 	68    	29.6625	5.73355	21 	35 
52 	64    	28.9875	5.7151 	21 	35 
53 	64    	28.6625	5.47938	21 	35 
54 	66    	28.525 	5.46803	18 	35 
55 	56    	29.65  	5.51158	21 	35 
56 	74    	29.3625	5.56382	21 	35 
57 	68    	28.575 	5.65636	21 	35 
58 	64    	30.2875	5.52086	21 	35 
59 	65    	28.7625	5.60634	21 	35 
60 	60    	30.4   	5.56013	19 	35 
61 	66    	28.0375	5.56652	20 	35 
62 	70    	29.125 	5.70827	21 	35 
63 	57    	29.8375	5.57997	21 	35 
64 	56    	29.675 	5.59637	21 	35 
65 	66    	29.2125	5.77428	18 	35 
66 	68    	29.9125	5.58389	19 	35 
67 	66    	29.5   	5.57674	21 	35 
68 	70    	27.6875	5.3726 	21 	35 
69 	68    	28.7625	5.58624	21 	35 
70 	62    	29.8875	5.67449	21 	35 
71 	60    	28.6375	5.69702	21 	35 
72 	72    	28.95  	5.56529	21 	35 
73 	68    	28.8375	5.7824 	18 	35 
74 	50    	31.075 	5.20523	21 	35 
75 	59    	30.3375	5.57213	21 	35 
76 	68    	29.3   	5.58883	21 	35 
77 	62    	29.75  	5.58234	21 	35 
78 	75    	27.9   	5.25975	21 	35 
79 	70    	28.6375	5.47778	21 	35 
80 	64    	30.0625	5.84667	16 	35 
81 	64    	28.8875	5.55876	21 	35 
82 	68    	29.4375	5.49055	21 	35 
83 	58    	29.35  	5.71205	18 	35 
84 	60    	29.1625	5.69527	18 	35 
85 	60    	29.15  	5.77083	15 	35 
86 	56    	31.8125	4.95251	21 	35 
87 	62    	30     	5.59241	21 	35 
88 	56    	31.5   	5.24643	21 	35 
89 	66    	29.0375	5.76508	21 	40 
90 	69    	28.65  	5.99396	18 	40 

prog2(loop2(move_Ll), prog2(prog2(move_Da, move_Dda), prog2(move_f, move_ua)))
(40.0,)
b  b  b  w  
g  b  b  w  
g  r  o  g  
o  b  b  y  
-  -  -  -
w  o  o  b | r  w  r  r | b  y  y  o | w  o  o  g | 
w  w  r  r | w  w  w  w | o  r  y  y | o  g  o  o | 
g  w  b  y | g  r  y  y | o  g  y  b | r  g  o  w | 
g  w  w  y | o  r  r  r | y  r  y  y | b  r  r  r | 
-  -  -  -
w  b  b  g  
y  y  o  g  
y  g  b  g  
o  g  b  g  

