g  b  b  w  
g  b  b  w  
r  o  r  r  
g  b  b  y  
-  -  -  -
y  w  o  b | r  g  r  r | b  y  r  y | r  r  y  o | 
y  y  w  w | o  o  y  y | o  g  g  r | b  y  g  o | 
o  o  r  w | g  w  b  y | g  y  w  w | r  o  w  w | 
o  y  y  y | b  r  g  r | g  w  o  w | g  g  o  w | 
-  -  -  -
b  b  g  o  
g  b  g  y  
w  r  r  o  
o  b  b  w  

CXPB = 0.65  MUTPB = 0.01  GEN = 90
gen	nevals	avg   	std    	min	max
0  	80    	22.675	3.74425	13 	34 
1  	41    	26.3625	2.81622	18 	34 
2  	49    	28.1   	3.64897	20 	36 
3  	54    	29.9875	5.00623	19 	36 
4  	54    	30.85  	5.32705	19 	36 
5  	50    	31.975 	5.47032	19 	36 
6  	54    	30.625 	5.98409	19 	36 
7  	58    	31.0375	6.05897	19 	36 
8  	58    	30.2875	6.26736	19 	36 
9  	52    	31.0875	6.07288	19 	36 
10 	65    	28.0125	5.92346	18 	36 
11 	52    	30.9375	6.15903	19 	36 
12 	51    	31.6125	5.68439	19 	36 
13 	33    	33.55  	4.9772 	19 	36 
14 	66    	30.475 	5.95814	19 	36 
15 	54    	30.1875	6.01268	19 	36 
16 	42    	32.7   	5.53715	19 	36 
17 	66    	27.55  	5.83074	19 	36 
18 	54    	29.5625	6.0412 	19 	36 
19 	48    	30.775 	6.28883	15 	36 
20 	45    	31.5125	5.9979 	19 	36 
21 	44    	31.325 	5.96401	19 	36 
22 	53    	29.75  	6.15122	19 	36 
23 	56    	30.5375	6.42445	19 	36 
24 	66    	30.0875	6.0212 	19 	36 
25 	46    	31.525 	5.84375	19 	36 
26 	52    	30.85  	6.33857	19 	36 
27 	51    	30.75  	5.96762	19 	36 
28 	56    	30.9375	6.00488	19 	36 
29 	50    	31.025 	6.23694	16 	36 
30 	60    	29.6875	5.72187	19 	36 
31 	44    	32.6625	5.31729	19 	36 
32 	46    	31.725 	5.75321	19 	36 
33 	68    	30.1875	5.87387	19 	36 
34 	56    	31.15  	6.09118	19 	36 
35 	58    	29.3875	6.10429	19 	36 
36 	54    	31.325 	6.0141 	19 	36 
37 	57    	30.45  	6.01644	17 	36 
38 	53    	32.2375	5.38805	19 	36 
39 	66    	30.225 	6.13387	19 	36 
40 	55    	30.7625	6.1283 	19 	36 
41 	56    	31.075 	5.98075	19 	36 
42 	59    	30.4875	5.96656	19 	36 
43 	64    	30.4875	6.1135 	19 	36 
44 	54    	31.25  	5.88536	19 	36 
45 	48    	32.7   	5.27352	19 	36 
46 	56    	31.475 	5.7358 	19 	36 
47 	44    	31.5125	5.94768	19 	36 
48 	51    	30.5   	6.30674	19 	36 
49 	52    	30.175 	6.20841	19 	36 
50 	58    	29.8875	5.91395	19 	36 
51 	48    	30.975 	6.01451	19 	36 
52 	53    	30.3625	6.32306	16 	36 
53 	60    	30.6625	6.31653	19 	36 
54 	52    	30.275 	6.09093	19 	36 
55 	61    	28.8   	6.23177	19 	36 
56 	46    	31.5125	5.65021	19 	36 
57 	54    	30.175 	6.25655	19 	36 
58 	48    	30.9375	6.09168	19 	36 
59 	48    	32.8   	5.41387	19 	36 
60 	51    	30.325 	6.111  	19 	36 
61 	50    	31.425 	5.67841	19 	36 
62 	46    	30.6125	6.00727	19 	36 
63 	58    	29.5   	6.28092	19 	36 
64 	58    	29.8375	5.63348	19 	36 
65 	36    	32.9   	5.25262	18 	36 
66 	50    	32.05  	5.58099	19 	36 
67 	54    	30.4375	5.89458	19 	36 
68 	46    	31.9375	5.79514	19 	36 
69 	63    	29.5   	5.84808	19 	36 
70 	55    	31.125 	6.03816	19 	36 
71 	54    	30.2875	5.99207	19 	36 
72 	50    	29.75  	6.13494	19 	36 
73 	50    	30.5   	6.20081	19 	36 
74 	48    	32.6625	5.31729	19 	36 
75 	50    	29.9625	6.00925	19 	36 
76 	50    	31.475 	5.7358 	19 	36 
77 	54    	31.275 	5.9728 	19 	36 
78 	64    	31.0375	5.72373	19 	36 
79 	47    	30.525 	5.88425	19 	36 
80 	60    	31.5125	5.70306	19 	36 
81 	55    	31.1625	5.71499	19 	36 
82 	50    	30.5   	6.13188	19 	36 
83 	62    	30.175 	6.1599 	19 	36 
84 	50    	30.8875	5.97284	19 	36 
85 	58    	30.4875	6.20482	18 	36 
86 	48    	31.5875	5.78726	19 	36 
87 	46    	31.8625	5.91554	19 	36 
88 	51    	30.5625	6.24669	18 	36 
89 	46    	30.7625	5.99008	19 	36 
90 	58    	30.8625	6.00987	19 	36 

prog2(move_R, loop2(move_Lla))
(36.0,)
b  b  b  b  
g  b  b  w  
w  r  r  w  
o  b  b  y  
-  -  -  -
w  o  o  o | b  g  o  r | y  y  y  o | w  o  g  g | 
w  w  w  y | r  w  o  g | r  g  o  o | w  w  o  r | 
r  g  r  o | g  b  y  r | w  y  y  y | o  g  y  b | 
y  r  y  w | r  y  y  r | w  w  w  y | o  y  r  r | 
-  -  -  -
g  b  g  g  
g  b  g  g  
r  o  r  o  
g  b  b  b  

