g  b  b  w  
g  b  b  w  
r  o  r  r  
g  b  b  y  
-  -  -  -
y  w  o  b | r  g  r  r | b  y  r  y | r  r  y  o | 
y  y  w  w | o  o  y  y | o  g  g  r | b  y  g  o | 
o  o  r  w | g  w  b  y | g  y  w  w | r  o  w  w | 
o  y  y  y | b  r  g  r | g  w  o  w | g  g  o  w | 
-  -  -  -
b  b  g  o  
g  b  g  y  
w  r  r  o  
o  b  b  w  

CXPB = 0.8  MUTPB = 0.01  GEN = 100
gen	nevals	avg 	std   	min	max
0  	80    	23.3	3.5616	15 	33 
1  	62    	26.4125	3.16502	18 	35 
2  	56    	28.9   	4.1067 	19 	36 
3  	64    	29.65  	4.4105 	19 	36 
4  	68    	29.5875	5.13004	19 	40 
5  	68    	29.8125	5.39698	19 	40 
6  	70    	31.425 	5.54476	17 	40 
7  	62    	33.575 	5.62978	21 	40 
8  	66    	30.675 	5.76146	20 	40 
9  	57    	31.9375	5.5144 	23 	40 
10 	54    	33.2   	5.90212	24 	40 
11 	67    	30.7125	6.27135	19 	40 
12 	70    	31.425 	5.80038	23 	40 
13 	64    	32.7125	5.67052	24 	40 
14 	70    	32.4375	5.44253	24 	40 
15 	62    	32.625 	6.08148	24 	40 
16 	70    	31.45  	5.22709	24 	40 
17 	72    	31.9875	5.89172	24 	40 
18 	62    	33.425 	6.12327	22 	40 
19 	58    	34.2625	6.24248	24 	40 
20 	70    	31.95  	6.34606	14 	40 
21 	66    	33.2375	5.82719	24 	40 
22 	54    	33.0875	6.08522	24 	40 
23 	61    	32.7   	6.2578 	19 	40 
24 	70    	31.6125	6.11247	23 	40 
25 	56    	33.575 	6.21646	24 	40 
26 	70    	32.525 	5.53167	24 	40 
27 	64    	32.25  	5.86835	21 	40 
28 	66    	32.525 	5.59011	24 	40 
29 	62    	32.8625	6.03685	24 	40 
30 	64    	33.1125	6.08069	23 	40 
31 	49    	33.9375	6.69205	21 	40 
32 	62    	31.8625	5.92187	24 	40 
33 	66    	32.7   	5.74326	24 	40 
34 	56    	33.6375	5.92504	24 	40 
35 	69    	31.2625	5.97441	20 	40 
36 	66    	32.3625	5.7342 	24 	40 
37 	68    	31.6875	6.04275	24 	40 
38 	70    	33.05  	6.09487	23 	40 
39 	74    	32.125 	5.29003	24 	40 
40 	62    	32.6375	5.92293	24 	40 
41 	52    	34.1   	6.1086 	24 	40 
42 	68    	32.2125	5.71335	24 	40 
43 	66    	31.95  	6.30654	21 	40 
44 	72    	33.075 	5.87319	24 	40 
45 	58    	33.2625	6.13747	24 	40 
46 	68    	31.825 	5.82189	24 	40 
47 	65    	32.575 	5.98702	22 	40 
48 	74    	31.575 	6.14975	24 	40 
49 	62    	31.375 	6.13469	22 	40 
50 	63    	32.6875	6.12085	24 	40 
51 	66    	32.6875	5.91522	24 	40 
52 	65    	31.775 	6.10732	24 	40 
53 	72    	31.725 	5.28908	24 	40 
54 	60    	33.2625	6.62711	21 	40 
55 	65    	33.375 	5.86808	24 	40 
56 	67    	33.725 	5.68105	23 	40 
57 	68    	32.9625	5.47824	24 	40 
58 	71    	31.825 	6.21646	24 	40 
59 	56    	33.4875	6.41676	23 	40 
60 	72    	31.6875	5.84079	17 	40 
61 	68    	31.9   	5.88982	24 	40 
62 	48    	33.7   	6.02578	24 	40 
63 	59    	33     	6.0208 	24 	40 
64 	56    	33.8   	6.21973	24 	40 
65 	60    	33.7   	6.45252	24 	40 
66 	67    	32.675 	6.79664	10 	40 
67 	68    	30.8375	6.25588	14 	40 
68 	68    	32.4125	5.93231	19 	40 
69 	66    	32.0875	5.721  	24 	40 
70 	64    	31.425 	6.09872	24 	40 
71 	64    	32.45  	6.1276 	24 	40 
72 	70    	32.175 	5.56052	23 	40 
73 	62    	32.375 	6.07531	24 	40 
74 	70    	32.2125	6.21831	24 	40 
75 	56    	32.9125	5.97954	23 	40 
76 	58    	33.4125	5.89426	24 	40 
77 	70    	33.2625	6.07812	24 	40 
78 	62    	33.0125	5.81699	21 	40 
79 	62    	32.65  	6.16867	24 	40 
80 	63    	32.3875	5.99478	18 	40 
81 	66    	30.95  	6.5458 	16 	40 
82 	58    	33.1875	5.76432	24 	40 
83 	64    	32.025 	5.93712	20 	40 
84 	60    	33.3875	6.16542	22 	40 
85 	56    	34.125 	6.00286	24 	40 
86 	60    	31.8375	6.43709	24 	40 
87 	49    	34.425 	5.56052	23 	40 
88 	59    	33.425 	5.5919 	24 	40 
89 	70    	32.3375	5.52255	24 	40 
90 	62    	33.375 	6.28962	22 	40 
91 	68    	31.4375	6.05567	23 	40 
92 	68    	32.0375	5.6157 	24 	40 
93 	66    	31.5875	6.03468	24 	40 
94 	70    	30.1   	5.47631	24 	40 
95 	66    	31.2375	4.88939	24 	40 
96 	66    	31.7125	5.32493	21 	40 
97 	64    	33.3625	5.27078	24 	40 
98 	67    	32.25  	6.26997	22 	40 
99 	63    	32.4875	5.7402 	21 	40 
100	66    	33.1375	6.00363	24 	40 

prog2(loop2(prog2(move_L, move_ua)), move_R)
(40.0,)
b  b  b  b  
g  b  b  r  
y  o  r  w  
o  b  b  y  
-  -  -  -
w  w  o  o | b  g  w  r | y  y  r  o | w  o  o  g | 
w  w  g  y | r  w  o  g | r  y  w  w | o  o  y  o | 
r  o  r  o | g  b  y  r | w  y  w  y | o  g  g  b | 
y  y  y  w | r  y  r  r | w  w  o  y | o  y  w  r | 
-  -  -  -
g  b  g  g  
g  b  g  g  
r  r  r  g  
g  b  b  b  

