g  b  b  w  
g  b  b  w  
r  o  r  r  
g  b  b  y  
-  -  -  -
y  w  o  b | r  g  r  r | b  y  r  y | r  r  y  o | 
y  y  w  w | o  o  y  y | o  g  g  r | b  y  g  o | 
o  o  r  w | g  w  b  y | g  y  w  w | r  o  w  w | 
o  y  y  y | b  r  g  r | g  w  o  w | g  g  o  w | 
-  -  -  -
b  b  g  o  
g  b  g  y  
w  r  r  o  
o  b  b  w  

CXPB = 0.65  MUTPB = 0.01  GEN = 100
gen	nevals	avg   	std    	min	max
0  	80    	22.975	4.18323	13 	33 
1  	42    	26.9  	3.47347	16 	33 
2  	56    	28.7125	4.31913	19 	36 
3  	54    	29.3875	4.97618	16 	36 
4  	52    	29.725 	5.11365	16 	36 
5  	56    	29.8   	5.97578	15 	36 
6  	54    	32.7875	5.01671	21 	36 
7  	49    	33.3625	4.73087	23 	36 
8  	56    	31.9   	5.29764	25 	36 
9  	55    	32.875 	4.93045	25 	36 
10 	49    	31.1875	5.53871	19 	36 
11 	52    	31.6   	5.38888	25 	36 
12 	54    	32.15  	5.24667	25 	36 
13 	60    	31.875 	5.32535	25 	36 
14 	60    	31.45  	5.72691	13 	36 
15 	56    	31.7375	5.35897	25 	36 
16 	58    	31.4625	5.41513	25 	36 
17 	60    	31.05  	5.47243	25 	36 
18 	49    	32.4375	5.3964 	15 	36 
19 	59    	30.7125	5.46167	25 	36 
20 	52    	31.6125	5.37469	25 	36 
21 	43    	33.6   	4.47661	25 	36 
22 	46    	33.8   	4.4    	25 	36 
23 	58    	32.6625	5.10868	22 	36 
24 	44    	32.975 	4.91166	25 	36 
25 	58    	31.8625	5.34262	24 	36 
26 	55    	32.7125	5.26829	16 	36 
27 	56    	32.975 	4.91166	25 	36 
28 	50    	33.25  	4.76314	25 	36 
29 	44    	32.1375	5.29326	21 	36 
30 	56    	32.7   	5.04083	25 	36 
31 	48    	33.9625	4.24689	25 	36 
32 	41    	31.9875	5.32563	23 	36 
33 	48    	33.525 	4.59341	25 	36 
34 	44    	32.7   	5.04083	25 	36 
35 	62    	31.325 	5.43777	25 	36 
36 	62    	30.725 	5.46346	25 	36 
37 	40    	32.8375	4.97856	25 	36 
38 	55    	32.1625	5.23556	24 	36 
39 	44    	33.25  	4.76314	25 	36 
40 	58    	32.15  	5.24667	25 	36 
41 	60    	31.875 	5.32535	25 	36 
42 	57    	30.1125	5.46579	25 	36 
43 	46    	31.7375	5.35897	25 	36 
44 	40    	32.975 	4.91166	25 	36 
45 	54    	32.425 	5.15212	25 	36 
46 	56    	33.1125	4.83992	25 	36 
47 	54    	30.775 	5.49312	25 	36 
48 	54    	32.975 	4.91166	25 	36 
49 	56    	32.4625	5.10868	25 	36 
50 	56    	31.8375	5.38387	22 	36 
51 	52    	32.825 	4.99944	24 	36 
52 	54    	32.3875	5.13686	25 	36 
53 	49    	32.5625	5.09864	25 	36 
54 	48    	33.25  	4.76314	25 	36 
55 	36    	34.8375	3.32582	25 	36 
56 	44    	33.25  	4.76314	25 	36 
57 	51    	32.5125	5.3315 	18 	36 
58 	52    	32.425 	5.15212	25 	36 
59 	57    	32.5375	5.21043	18 	36 
60 	42    	33.25  	4.76314	25 	36 
61 	44    	34.1375	4.15254	22 	36 
62 	55    	31.85  	5.26806	25 	36 
63 	49    	33.5875	4.53237	23 	36 
64 	64    	32.15  	5.24667	25 	36 
65 	51    	32.5375	5.05209	25 	36 
66 	48    	31.6   	5.38888	25 	36 
67 	56    	31.05  	5.47243	25 	36 
68 	50    	32.4625	5.31964	17 	36 
69 	66    	31.875 	5.32535	25 	36 
70 	48    	33.25  	4.76314	25 	36 
71 	62    	31.05  	5.47243	25 	36 
72 	56    	31.525 	5.52036	19 	36 
73 	49    	32.2375	5.28972	21 	36 
74 	38    	34.35  	3.92779	25 	36 
75 	50    	32.975 	4.91166	25 	36 
76 	58    	32.7375	4.99436	25 	36 
77 	39    	33.7625	4.39387	25 	36 
78 	52    	32.7   	5.04083	25 	36 
79 	46    	31.875 	5.32535	25 	36 
80 	44    	32.425 	5.15212	25 	36 
81 	51    	32.5875	5.06629	25 	36 
82 	54    	31.6   	5.38888	25 	36 
83 	53    	31.975 	5.34784	22 	36 
84 	54    	31.05  	5.47243	25 	36 
85 	48    	32.25  	5.15388	25 	36 
86 	51    	32.2875	5.20143	25 	36 
87 	56    	32.1   	5.23832	23 	36 
88 	49    	32.7625	5.11675	22 	36 
89 	53    	32.275 	5.22009	24 	36 
90 	56    	31.6   	5.38888	25 	36 
91 	66    	32.6375	5.03052	25 	36 
92 	48    	32.425 	5.15212	25 	36 
93 	52    	32.7   	5.04083	25 	36 
94 	49    	32.0375	5.25938	25 	36 
95 	54    	32     	5.30566	24 	36 
96 	42    	32.7   	5.04083	25 	36 
97 	54    	32.175 	5.23635	23 	36 
98 	49    	32.8125	5.02268	23 	36 
99 	46    	32.7   	5.04083	25 	36 
100	50    	33.275 	4.72487	25 	36 

prog2(move_Ll2, move_D2)
(36.0,)
b  b  b  w  
g  b  b  w  
w  r  r  r  
o  b  b  y  
-  -  -  -
w  o  o  b | r  g  r  r | b  y  y  o | w  o  g  g | 
w  w  w  w | o  o  y  y | o  g  o  o | w  w  o  r | 
r  g  r  w | g  w  b  y | g  y  y  y | o  g  y  b | 
g  w  w  y | o  y  r  r | y  r  y  y | b  r  g  r | 
-  -  -  -
w  b  b  g  
o  r  o  r  
y  g  b  g  
o  g  b  g  

